00110101000001000000100
00110100000000001000100
00110100000000010100111
00110101000001000000100
00110100000000001000100
00110100000000010100111
00110101000001001000100
00000000000000000010000
00111000001000010100000
00110100100000000000101
00111001100000000000000
00111001100000000000000
00111000000000001010000
00110101000001000000100
00110100000000001100100
00110100001000000000000
00110100100000000000101
00111001100000000000000
00111001100000000000000
00111000000000001010000
00110101000001000000100
00110100000000001100100
00110100001000000000000
